/**
 * Check if given ID belongs to Aldi customer list
 * @param {number|string} customerId
 * @returns {number|string|null} - returns ID if match, otherwise null
 */
function getAldiCustomer(customerId) {
    var aldiIds = [
        44889,2326,2327,2328,2329,661560,2330,2331,2332,832713,2333,661765,701558,2334,2335,
        537194,2336,2337,2338,2339,196835,2340,2341,2342,46675,170989,2343,70654,2344,2345,
        2346,2347,70782,205769,2348,2349,2350,2351,170680,2352,807956,2353,2354,2355,542191,
        2356,2357,2358,2359,2360,592712,861745,315674,755370,2361,2362,2363,535247,2364,70767,
        2365,2366,44890,70692,2367,2368,2369,119545,125764,2370,598422,2371,965783,2372,111177,
        2373,2374,2375,2376,2377,70744,226202,2378,2379,2380,2381,2382,525884,211831,44891,
        70768,760442,70765,2383,2384,385960,2385,2386,2405,2387,570929,2388,2389,153879,2390,
        44892,2391,2392,2393,70545,224766,2394,2395,197562,608981,637320,2396,70546,111071,
        2397,2398,2399,964870,2400,2401,2402,194871,70547,2403,2404,44893,149612,70700,2406,
        2410,2415,2407,2414,70743,2408,2416,2413,2417,44895
    ];

    return aldiIds.includes(Number(customerId)) ? Number(customerId) : null;
}

